0 0.772917 0.177315 0.0364583 0.0787037
0 0.0739583 0.138889 0.0572917 0.0944444
0 0.446094 0.159259 0.0484375 0.0944444
0 0.288281 0.153704 0.0380208 0.0796296
0 0.0309896 0.137037 0.0484375 0.0925926
0 0.48099 0.109722 0.0484375 0.108333
0 0.0380208 0.460648 0.059375 0.30463
0 0.48099 0.153241 0.0453125 0.100926
0 0.673958 0.166204 0.0479167 0.0916667
0 0.607031 0.138426 0.0515625 0.10463
0 0.864844 0.406481 0.0567708 0.177778
0 0.404687 0.15463 0.053125 0.103704
0 0.528125 0.163889 0.046875 0.0907407
38 0.748958 0.295833 0.133333 0.134259
32 0.533594 0.276389 0.0182292 0.0324074
0 0.117969 0.503241 0.198437 0.413889
0 0.698438 0.55787 0.447917 0.75463
