56 0.959 0.588 0.066 0.336
56 0.602667 0.407 0.110667 0.074
39 0.533333 0.4215 0.0733333 0.113
60 0.956667 0.389 0.0866667 0.116
56 0.828 0.888 0.298667 0.214
39 0.676667 0.22 0.0253333 0.09
39 0.667667 0.2275 0.0166667 0.081
56 0.35 0.358 0.0613333 0.116
56 0.316333 0.291 0.0593333 0.054
39 0.96 0.2805 0.0266667 0.105
39 0.684333 0.2105 0.0193333 0.091
56 0.777667 0.3775 0.062 0.113
39 0.555333 0.422 0.0306667 0.122
41 0.462333 0.458 0.034 0.04
2 0.356 0.0515 0.117333 0.103
56 0.211667 0.848 0.322 0.29
0 0.784667 0.456 0.338667 0.682
0 0.218667 0.5095 0.342667 0.881
39 0.514 0.4225 0.0293333 0.107
56 0.0473333 0.801 0.0946667 0.344
41 0.599667 0.472 0.0366667 0.088
56 0.868 0.6025 0.241333 0.373
56 0.618333 0.8355 0.166 0.309
56 0.045 0.471 0.09 0.318
56 0.468333 0.7315 0.188667 0.507
