2 0.265828 0.427527 0.0202922 0.0170524
0 0.995536 0.47503 0.00892857 0.0852619
2 0.243506 0.43849 0.0178571 0.0267966
2 0.480519 0.489647 0.038961 0.09257
2 0.591721 0.463459 0.0730519 0.0742996
2 0.407062 0.452497 0.0397727 0.0304507
2 0.431412 0.472594 0.0381493 0.0706456
0 0.0446429 0.482948 0.0211039 0.103532
7 0.592127 0.464677 0.0722403 0.0718636
2 0.221185 0.465286 0.0316558 0.0706456
2 0.461445 0.475639 0.0657468 0.0767357
0 0.00771104 0.485384 0.0154221 0.101096
0 0.742695 0.529842 0.123377 0.306943
2 0.666802 0.497564 0.120942 0.091352
0 0.898133 0.562119 0.169643 0.405603
0 0.524756 0.545067 0.155032 0.383678
0 0.18263 0.535932 0.0844156 0.316687
