14 0.507324 0.485677 0.0302734 0.0651042
14 0.945312 0.390625 0.03125 0.0520833
14 0.362793 0.48112 0.0361328 0.0638021
14 0.316895 0.421224 0.0244141 0.0638021
14 0.947754 0.445964 0.0185547 0.0559896
14 0.546875 0.574219 0.0488281 0.046875
14 0.61377 0.492188 0.0205078 0.046875
14 0.498535 0.66276 0.0673828 0.0885417
14 0.641602 0.277344 0.0195312 0.046875
14 0.875488 0.463542 0.0244141 0.0416667
14 0.262207 0.577474 0.0302734 0.0690104
14 0.444336 0.242839 0.03125 0.0794271
14 0.784668 0.232422 0.0439453 0.0664062
14 0.419922 0.361328 0.0214844 0.0898438
14 0.619629 0.242839 0.0224609 0.0507812
14 0.651367 0.548828 0.0371094 0.0794271
14 0.708496 0.254557 0.0244141 0.0507812
14 0.807617 0.485026 0.0292969 0.0690104
14 0.465332 0.557292 0.0595703 0.0885417
14 0.899902 0.595703 0.0283203 0.0638021
14 0.549805 0.210286 0.0273438 0.0846354
14 0.757324 0.159505 0.0244141 0.0611979
14 0.159668 0.326172 0.0283203 0.0950521
14 0.0498047 0.218099 0.0390625 0.108073
