28 0.45356 0.622605 0.0447509 0.100894
28 0.769209 0.518519 0.119336 0.108131
13 0.018998 0.630907 0.0379961 0.238399
28 0.69378 0.422307 0.0579792 0.133674
28 0.630875 0.406982 0.0976639 0.115794
28 0.164509 0.594508 0.119054 0.0532141
28 0.701238 0.776288 0.0650155 0.124734
26 0.308753 0.484036 0.130594 0.124308
28 0.616803 0.683057 0.126372 0.224351
28 0.634675 0.742656 0.0568534 0.163048
28 0.306783 0.483823 0.127216 0.123031
28 0.175908 0.557258 0.124402 0.0706684
28 0.214326 0.66688 0.0599493 0.232014
28 0.713059 0.51192 0.0712074 0.0762026
28 0.458486 0.574713 0.133971 0.181354
28 0.781312 0.595573 0.176752 0.0893997
28 0.759077 0.670285 0.161554 0.103448
28 0.476499 0.721158 0.0793695 0.138782
28 0.272868 0.68327 0.105545 0.232439
28 0.124965 0.693061 0.140163 0.163474
28 0.614551 0.544487 0.130875 0.130268
28 0.766535 0.780971 0.195046 0.135802
28 0.382775 0.675607 0.127216 0.261388
